W1 : [[ 0.02714231 -0.80157703 -0.74740264  0.78946445 -0.49001823  0.20730295
  -0.36536006  0.22073482  0.20693385 -0.2508835   0.34059887  0.63176631
  -0.04907937]
 [-0.27831942  0.38280822 -0.21608365  0.23852933  0.37496626 -0.48174298
   0.5738561  -0.32525732  0.08002027  0.16736775 -0.13962297 -0.31007723
   0.44280385]
 [-0.42532028 -0.2961154   0.23055207  0.33256203  0.1027822   0.47381522
  -0.21159989 -0.21801013  0.11850332 -0.42156247 -0.03641078  0.45864011
   0.06323478]
 [ 0.48716115  0.23550982 -0.06129252  0.6096393  -0.39361509  0.64745808
   0.57090792 -0.12604465  0.48595825  0.52813857 -0.03017873 -0.08570565
  -0.07539199]
 [ 0.28983062  0.48397917 -0.02895244 -0.56670024 -0.37013955 -0.03758689
   0.37154999  0.31951797  0.41256152  0.64681826  0.25835769 -0.11235606
   0.99426308]
 [-0.0977603   0.00496341 -0.00283039 -0.00168038  0.05545428  0.62702079
  -0.09934457  0.02696984  0.02946419  0.44094213  0.02522996 -0.05755674
  -1.02037497]
 [ 0.25167834  0.0274068  -0.04672865 -0.42029597 -0.21122751  0.10587072
  -0.82864184 -0.02431338 -0.31942789  0.39494805 -0.05978582 -0.04405339
   0.15043059]
 [ 0.36967647 -0.20657459  0.06616533  0.18470594 -0.20642467 -0.08245742
  -0.14091979  1.26928598 -0.02402033 -0.28198792 -0.06270143  0.19942992
  -0.08149083]
 [ 0.26180743 -0.32461487  0.35391205 -0.12181858  0.26900184  0.21217106
  -0.49981079  0.05874378  0.59606422  0.02295538 -0.11661784  0.22498943
  -0.94550336]
 [ 0.13945197 -0.00462176  0.01805706 -0.08593842 -0.10513237 -1.05019597
  -0.00931393 -0.01410118  0.14126538 -0.59212167 -0.04326405 -0.00462213
  -1.08029228]] 
B1 : [[-0.13979463]
 [-0.09777316]
 [ 0.15735565]
 [-0.45055148]
 [ 0.05553603]
 [ 0.25011861]
 [-0.5463833 ]
 [ 0.05330431]
 [-0.119437  ]
 [ 0.22628966]]
W2 : [[-0.05546725 -0.6338407   0.14928598  0.05228017  0.43476301  0.49497056
   0.25516683 -0.91791726  0.67339879  0.41494663]
 [-0.006759   -0.08681536  0.06078363  0.15271044  0.02321907  1.1253444
   0.37284117  0.12008265  0.12133166  0.77868227]
 [-0.06818731 -0.58548559  0.3874155  -0.00508127  0.33139718 -0.11794034
   0.01673265  0.66503721  0.01707359  0.25710673]
 [ 0.30387387 -0.01175605 -0.2514686  -1.32819808 -0.08641008 -0.03691782
   0.09135017  0.25632678 -0.33807255 -0.40990909]
 [-1.02466755 -0.38999713 -0.19830183 -0.72255076 -0.23887384 -0.71275727
  -0.31342443  0.33003859  0.31126412 -0.31865554]
 [-0.42847365 -0.00909428  0.36485469 -0.0542936   0.31598901 -0.42950668
  -0.33910047  0.39373385 -0.31961942 -0.23065155]
 [ 0.50108243  0.62894652  0.01551061 -0.3630118  -1.39166135 -0.57270471
  -0.18809141  0.77779173 -0.86937301 -0.68526268]
 [-0.20999598 -0.3058703  -0.80469192 -0.30823266 -0.61096054  0.63420733
  -0.36077509  0.47247028  0.20183762 -0.23136552]] 
B2 : [[ 0.14309582]
 [-0.68782394]
 [ 0.29674959]
 [ 0.08450087]
 [ 0.08925607]
 [ 0.30917816]
 [ 0.0240916 ]
 [-0.01430174]]
W3 : [[-0.8104487   0.07835735 -1.26583747 -0.48109385 -0.00325244  0.50007312
   0.94193634  0.81027496]
 [-0.45860547 -0.76047085 -0.12292081 -0.31380213  1.09138416 -0.95157271
  -1.36414803  0.86372433]
 [-0.12483357 -0.2520918   0.20733748 -1.03276554  0.56874193  0.67357307
   0.53345342 -0.61890247]
 [ 0.37925487  1.49578161 -0.61544818 -0.41241591 -0.75879018 -1.409436
   0.65227711 -0.31618208]
 [-0.39161936 -0.26067655  0.00186703 -0.14764753 -0.18992071  0.42297202
  -0.31190224 -0.69335174]
 [ 0.70198721 -0.19879552 -0.22504183  0.08653556  0.71879174  0.33419577
   0.81075045 -0.27775793]] 
B3 : [[-0.08232683]
 [ 0.0013249 ]
 [ 0.05289433]
 [-0.47711508]
 [-0.06840615]
 [ 0.5494361 ]]
W4 : [[ 0.11023502 -0.13823663 -0.30115582  0.51884945  0.93194354 -0.73548317]
 [-1.16580323 -1.21603577 -0.06332511  1.43893939 -0.34037456 -0.42988612]
 [ 0.00899387  0.05009515 -0.31043816  0.83030405 -0.17392421 -0.78164216]] 
B4 : [[-0.1113668 ]
 [-0.28201832]
 [-0.14512527]]
W5 : [[1.05172855 1.33944456 1.5011168 ]] 
B5 : [[-5.84536996]]
True Positives : 6530
True Negatives : 24492
False Positives : 4400
False Negatives : 578

Model Accuracy : 0.8617222222222222
Model Precision [TP/(TP+FP)] : 0.5974382433668801
Model Recall [TP/(TP+FN)] : 0.9186831738885762
True Positives : 2693
True Negatives : 5228
False Positives : 880
False Negatives : 199

Model Accuracy : 0.8801111111111111
Model Precision [TP/(TP+FP)] : 0.7537083683179401
Model Recall [TP/(TP+FN)] : 0.9311894882434302